1.283494997695088387e+02
1.461749989762902260e+02
1.674679991987650283e+02
1.576739998554112390e+02
8.892950032837688923e+01
1.048170007467269897e+02
1.467529998854734004e+02
9.129400016146246344e+01
1.404654990013223141e+02
1.149794998681172729e+02
1.489565010145306587e+02
1.530789993514772505e+02
1.262035004235804081e+02
1.455559995574876666e+02
9.771700003521982580e+01
1.315924990372732282e+02
1.128765018183039501e+02
1.384220014405436814e+02
1.169940004918025807e+02
1.129975005169399083e+02
1.468594990568235517e+02
1.573899995317915455e+02
1.438729983011726290e+02
1.580095010818913579e+02
1.463789993065875024e+02
1.416724992543458939e+02
1.515050014505395666e+02
1.438779974831268191e+02
9.191100042825564742e+01
1.473579998545465060e+02
1.361495001132134348e+02
1.329509997786954045e+02
1.461364991590380669e+02
1.613459982136846520e+02
1.066665012394078076e+02
1.459775007888674736e+02
1.361689997361972928e+02
1.191855004968820140e+02
1.778640021935570985e+02
1.701499992454191670e+02
1.448255008314736187e+02
1.067604997093440033e+02
1.786724970163777471e+02
1.499660003972239792e+02
1.728315010410733521e+02
1.807435011623892933e+02
1.178804991794750094e+02
1.425615023907739669e+02
1.118975013002054766e+02
1.485474989344947971e+02
