1.813109985347837210e+02
1.671119999866932631e+02
1.525525002385838889e+02
1.774115002881735563e+02
1.353429994930047542e+02
1.276500003591645509e+02
1.442530018677935004e+02
2.005785003977362067e+02
1.460435006356565282e+02
1.660590012562461197e+02
1.338585000529419631e+02
1.259624992130557075e+02
1.315429988079704344e+02
8.190099824324715883e+01
1.462490001649130136e+02
1.895095008644275367e+02
1.677150001956615597e+02
1.336549999379203655e+02
1.128649984986986965e+02
1.318580003743991256e+02
1.768085004894528538e+02
1.244484989600023255e+02
1.369545024011749774e+02
1.770090019190683961e+02
1.082065008135978132e+02
1.402210000174818560e+02
7.396000078960787505e+01
1.471385021340684034e+02
1.398499997733160853e+02
1.678459981556516141e+02
1.452614985551335849e+02
1.695514999139704742e+02
1.898294995869509876e+02
1.497400019378401339e+02
1.807370005697011948e+02
1.180170009394641966e+02
1.744330009638797492e+02
1.478155005567241460e+02
1.154319999916478992e+02
1.713089959115604870e+02
1.157694996201898903e+02
1.690330005390569568e+02
1.709159981757402420e+02
1.783839983898797072e+02
1.453115002410486341e+02
1.226445011675823480e+02
1.472640014906646684e+02
1.741159993273322470e+02
1.160204995125532150e+02
8.488249860331416130e+01
