1.487064976321998984e+02
1.717099987328983843e+02
1.276170005067251623e+02
1.639765004293294623e+02
9.027200024249032140e+01
1.498254992754664272e+02
1.930959972187411040e+02
1.304044982548803091e+02
1.288315011705271900e+02
2.057955005695694126e+02
1.613169996864162385e+02
1.430149985813186504e+02
1.467940015054773539e+02
1.331360028852941468e+02
1.369435012997128069e+02
1.427200010253582150e+02
1.381349998939549550e+02
1.201449989246902987e+02
7.679499923763796687e+01
1.738084990961942822e+02
1.245114980136277154e+02
1.470300008283229545e+02
9.705049974762368947e+01
1.293444987616967410e+02
1.478334996016928926e+02
1.223615014271344990e+02
1.703130014485213906e+02
1.848264997318037786e+02
1.659860006772214547e+02
1.482659995213616639e+02
1.724825002739671618e+02
1.355340026119956747e+02
1.423175002699717879e+02
1.603770022951066494e+02
1.033099993235082366e+02
1.831200018751551397e+02
1.197540003159083426e+02
1.912790002886322327e+02
1.201900011340621859e+02
1.265220010036136955e+02
1.517410021339892410e+02
1.235505010979250073e+02
1.409200006097089499e+02
1.662224983575288206e+02
1.507415000407490879e+02
1.318414991806494072e+02
1.474434995073825121e+02
1.338319983880501240e+02
1.767710002523381263e+02
1.152485004984773695e+02
