1.653170003171544522e+02
1.294274988491088152e+02
1.520005011881003156e+02
1.424290012654382735e+02
1.399334997567348182e+02
1.650170024954713881e+02
1.311264977804385126e+02
1.884845011663855985e+02
1.496194991093361750e+02
1.738104993690503761e+02
1.447044978362391703e+02
1.029615002191858366e+02
8.188999723922461271e+01
1.587035011029802263e+02
1.629985025462228805e+02
1.011549990426283330e+02
2.044730011864448898e+02
1.318714987894054502e+02
1.198344994876533747e+02
2.033934981943457387e+02
1.434495002625044435e+02
1.099565008611534722e+02
1.566055014024022967e+02
9.675449990155175328e+01
1.668230010796105489e+02
1.161735009431722574e+02
1.669025006471201777e+02
1.405485014045261778e+02
1.428280013687908649e+02
1.699984988755895756e+02
1.469539997433312237e+02
1.522270004680613056e+02
1.671259988253004849e+02
1.740094980491558090e+02
1.860980034923413768e+02
1.603420007170643657e+02
1.340185016474570148e+02
1.237690009931102395e+02
1.693084999243728817e+02
1.677219980581430718e+02
1.845070014153607190e+02
1.677990023583988659e+02
1.392560016366187483e+02
1.562135001004207879e+02
1.341665034215548076e+02
1.603434987534419633e+02
1.731205013548023999e+02
1.062429995292332023e+02
9.334250027895905077e+01
1.423574989648186602e+02
