2.062660015053115785e+02
1.116990005038678646e+02
1.531750004084315151e+02
1.085510002247756347e+02
1.142580015466082841e+02
1.215730005917139351e+02
8.487249968899413943e+01
1.068469986762502231e+02
1.683054982530884445e+02
1.568170012978371233e+02
1.283445028217975050e+02
1.557049985150806606e+02
8.188050088728778064e+01
1.131184985630679876e+02
1.502305006036767736e+02
9.945499834883958101e+01
1.710264997039921582e+02
1.410275007898453623e+02
9.582499863882549107e+01
1.368275002042064443e+02
1.778214999599149451e+02
7.285999842081218958e+01
1.167715014196000993e+02
1.509384995461441576e+02
1.367414991086116061e+02
1.083480005026794970e+02
1.447965011105407029e+02
9.837399980775080621e+01
1.073749993185629137e+02
1.113495008233003318e+02
1.381360017911065370e+02
1.086454991307109594e+02
1.056940001493785530e+02
1.361269986166153103e+02
1.373029990163631737e+02
1.419179996643215418e+02
1.713045004443265498e+02
1.190709998168167658e+02
1.302119995095999911e+02
1.324885010879952461e+02
1.523444995114114136e+02
1.677999993016128428e+02
1.368030003239982761e+02
1.586939988487865776e+02
1.670225001258077100e+02
1.646835018512792885e+02
1.531040017860941589e+02
8.132700002728961408e+01
1.458174984081415460e+02
1.047484977990388870e+02
