1.327065016238484532e+02
1.476765014469856396e+02
1.087695004697889090e+02
1.787840041071176529e+02
1.058409998987917788e+02
1.613435019995667972e+02
1.648129993109032512e+02
1.976374999363906682e+02
8.665899987902957946e+01
1.778090003943070769e+02
1.398190002406481653e+02
1.683060000258265063e+02
1.412235018609790131e+02
1.658180015087127686e+02
1.438370006267214194e+02
1.747064999053254724e+02
1.838885015752166510e+02
1.789144998402334750e+02
1.619454996781423688e+02
1.967090007411316037e+02
1.454600019558565691e+02
1.892104999381117523e+02
1.173949987388332374e+02
1.518214968845713884e+02
9.227249946165829897e+01
1.109735012031160295e+02
1.421805024207569659e+02
1.761144984481506981e+02
1.121735007400857285e+02
1.755040013904217631e+02
1.506475006878026761e+02
1.678984990117605776e+02
1.252524996330030262e+02
1.111559991799294949e+02
1.397625007600872777e+02
1.398335009766742587e+02
1.305475002643652260e+02
1.738069997022394091e+02
1.717234986824914813e+02
1.543440016475506127e+02
1.868070016368292272e+02
1.509514990878524259e+02
1.401399973768275231e+02
1.453420013482682407e+02
1.080669988563749939e+02
1.417744991303770803e+02
1.243270006035454571e+02
1.560419999161968008e+02
1.712384987385012209e+02
1.574415001212619245e+02
