1.422634996146662161e+02
1.390639997029211372e+02
1.913314996629487723e+02
1.803335004615364596e+02
1.999789994524326175e+02
1.102580011638347059e+02
1.391239987164735794e+02
1.598339994380949065e+02
1.807989996783435345e+02
1.567230026633478701e+02
1.438199995454633608e+02
1.593609989578835666e+02
1.513324981032637879e+02
1.465349982712068595e+02
1.662080018954584375e+02
1.477380017075920478e+02
1.030754990908317268e+02
1.433529994601849467e+02
1.208574997286777943e+02
1.096739990378264338e+02
1.526794974641525187e+02
1.598464997824048623e+02
1.264430008134804666e+02
1.731359993494115770e+02
1.668469987257849425e+02
1.675205009556375444e+02
1.128534988048486412e+02
1.869425008865073323e+02
1.518514979699393734e+02
1.862180002704262733e+02
1.398690009991405532e+02
1.181764990109950304e+02
1.362369999402435496e+02
1.083870010171085596e+02
1.442859993216115981e+02
2.216060018278658390e+02
1.728880018563941121e+02
1.838299982396420091e+02
1.932115008353139274e+02
1.730380000838777050e+02
8.988149818975944072e+01
1.318660007963771932e+02
1.009640010620933026e+02
1.272930004431400448e+02
1.363644999242969789e+02
1.472715012989938259e+02
1.213430032362230122e+02
1.348720015988219529e+02
1.483260002967435867e+02
1.593219994546379894e+02
