1.612365013249218464e+02
1.388430003102403134e+02
1.949900008275872096e+02
1.022654993461910635e+02
1.473310007348773070e+02
1.697975013394607231e+02
1.623315028060460463e+02
1.593209979658131488e+02
1.357639995086938143e+02
1.209260001271031797e+02
1.781920008305460215e+02
1.593230017945170403e+02
1.711454994561499916e+02
1.101714979156386107e+02
1.448284986712969840e+02
1.655390008306130767e+02
1.473439993592910469e+02
1.585655021757702343e+02
1.606059985270258039e+02
1.318640004149638116e+02
1.778295016667107120e+02
1.452294997985009104e+02
1.407344995880266652e+02
1.377390003004111350e+02
1.229634995589731261e+02
1.079335010832874104e+02
1.473289984583389014e+02
1.569510006775381044e+02
1.543399985341820866e+02
1.253569995188154280e+02
1.738320008121663705e+02
1.315505011482746340e+02
1.293394994802656583e+02
1.508559989074710757e+02
1.748189997096778825e+02
1.618330006157048047e+02
1.773630010012420826e+02
1.690964993683155626e+02
1.708525004626717418e+02
1.680570012764073908e+02
1.091514995803008787e+02
1.505689980557654053e+02
1.674454963860334828e+02
1.337655010258313268e+02
1.468354994719848037e+02
9.645900095696561038e+01
1.723249984788708389e+02
1.380130006629042327e+02
1.760019997232593596e+02
1.659435005640843883e+02
