1.447369983571115881e+02
1.032459996975958347e+02
1.677020027940161526e+02
1.627994994265027344e+02
9.982099810778163373e+01
1.044554987305309623e+02
1.386390006911242381e+02
1.042329989458085038e+02
7.867249836452538148e+01
9.513150014798156917e+01
1.257139984274981543e+02
1.360974985255161300e+02
7.456100007891654968e+01
9.868500012764707208e+01
1.163565004214178771e+02
8.481849962170235813e+01
1.459230005941353738e+02
9.636349974386394024e+01
1.398305008111055940e+02
8.484199952473863959e+01
1.228154989625909366e+02
1.173420001739868894e+02
8.386599966324865818e+01
8.465599964547436684e+01
1.027099994097370654e+02
1.057519987544510514e+02
1.076634999609086663e+02
1.047734992046607658e+02
1.020100014480995014e+02
1.587714977700379677e+02
1.250929985512048006e+02
1.278134985584765673e+02
7.898749904264695942e+01
1.281475021648802795e+02
1.058220004757167771e+02
8.888099799049086869e+01
5.486249984859023243e+01
1.393045021111611277e+02
1.054579989472404122e+02
1.476275002179318108e+02
1.265445002764463425e+02
1.458115000032121316e+02
1.018444997605402023e+02
1.306734992066631094e+02
1.288394969175569713e+02
1.650004992500180379e+02
1.303129998540971428e+02
1.495250001740641892e+02
1.158764989569317549e+02
1.431504995309514925e+02
