1.853044990990310907e+02
9.294350034196395427e+01
2.040720004788599908e+02
1.688425017017871141e+02
1.485635011472040787e+02
1.463274994454113767e+02
8.018149929546052590e+01
1.725935000765603036e+02
1.090544972261413932e+02
1.382140011047013104e+02
1.709180001255590469e+02
1.160984985078684986e+02
1.097599987332359888e+02
1.408265005657449365e+02
1.794880014616064727e+02
1.269445002740249038e+02
1.340069991607451811e+02
1.921429989258176647e+02
9.482750003086403012e+01
1.681359989701886661e+02
1.319265034367563203e+02
1.236539992476464249e+02
1.737959997665602714e+02
1.672230008943588473e+02
1.454319996637059376e+02
1.648144977638730779e+02
1.509814985265256837e+02
1.628465008919592947e+02
1.352695003391709179e+02
1.827595014495309442e+02
1.508499982492066920e+02
1.313915003604488447e+02
1.330095010554650798e+02
8.633049937570467591e+01
1.360754988922853954e+02
1.858055023817578331e+02
1.635504986615851521e+02
1.732970001018256880e+02
1.778209990935865790e+02
1.570479994943598285e+02
1.013644986710278317e+02
1.659979990753927268e+02
1.464085010780254379e+02
1.306520013768458739e+02
1.179725002553313971e+02
1.688214974342845380e+02
9.566350022144615650e+01
1.538374988851719536e+02
1.513224994051270187e+02
1.315355001246207394e+02
