1.052689994946122169e+02
1.260394991072826087e+02
1.544064995389198884e+02
1.688220016403938644e+02
1.553575003726291470e+02
1.047729989601066336e+02
9.289849919918924570e+01
1.509100024143699557e+02
1.548454991486505605e+02
1.320925023718737066e+02
8.746900109661510214e+01
9.985050052916631103e+01
1.094600008234847337e+02
1.618094976365682669e+02
1.297900004420662299e+02
1.492100012623704970e+02
1.634829996286425740e+02
1.071230013277963735e+02
9.597650058916769922e+01
1.328364996184245683e+02
8.997450091107748449e+01
1.578090008181752637e+02
1.122620011909166351e+02
1.078240002498496324e+02
9.544550078990869224e+01
1.750990017101285048e+02
1.470280008955160156e+02
1.201230006011901423e+02
6.852699866890907288e+01
1.278370000001741573e+02
1.056869994499720633e+02
9.685500119486823678e+01
1.681089985594153404e+02
1.356905010959599167e+02
1.527075001401826739e+02
1.080730011748382822e+02
1.788309985940577462e+02
9.386799923446960747e+01
1.128564992377068847e+02
9.726599861448630691e+01
1.094375022627064027e+02
1.238134998282184824e+02
8.342949968914035708e+01
1.165470013432204723e+02
7.529349943343549967e+01
1.394239981011487544e+02
1.338380009779357351e+02
9.085199949657544494e+01
1.405215001543983817e+02
1.158920008051209152e+02
1.738330003779847175e+02
1.524210004505002871e+02
9.141999875474721193e+01
1.160810012883739546e+02
1.566884975361754186e+02
1.037119997306726873e+02
1.318295010813744739e+02
1.346480000048177317e+02
1.118290006081224419e+02
1.534259999714558944e+02
9.955600124615011737e+01
1.187269991505309008e+02
9.302499988139607012e+01
1.810895011447719298e+02
1.658120001241331920e+02
1.198285002948832698e+02
9.414049888914451003e+01
8.414199787151301280e+01
1.529839985137805343e+02
1.693100003211293370e+02
1.737699980139732361e+02
1.072859989777207375e+02
1.396010001656250097e+02
9.174800041969865561e+01
1.280244971789652482e+02
9.282149869110435247e+01
6.344349850108847022e+01
1.363785002302029170e+02
1.109344989242963493e+02
9.586749998258892447e+01
1.298454997198423371e+02
1.057569979585823603e+02
1.463844982556765899e+02
7.531450117751955986e+01
1.190675004902295768e+02
1.018624994695419446e+02
1.333044984398875386e+02
9.715799887396860868e+01
1.021550004517193884e+02
9.935100194253027439e+01
1.072235019784420729e+02
1.573069988824427128e+02
1.741950013283640146e+02
1.176250011785887182e+02
1.288230006021913141e+02
1.381215038138907403e+02
1.321129989170003682e+02
1.589609987027943134e+02
1.823970006033778191e+02
1.917870004896540195e+02
7.226450140879023820e+01
1.518019996997900307e+02
1.242779999177437276e+02
1.100609999954467639e+02
1.262580011083045974e+02
1.508275006833719090e+02
1.534815009161829948e+02
9.595799833460478112e+01
1.223589978662785143e+02
1.055415002226363868e+02
9.735600026044994593e+01
1.275555007308721542e+02
6.483050080901011825e+01
1.013225002591498196e+02
7.708899993996601552e+01
1.240360011977609247e+02
1.607710018059005961e+02
1.460074986775289290e+02
1.150410018528345972e+02
7.310050057573243976e+01
1.026894994672620669e+02
9.074849951476790011e+01
9.784850125561933964e+01
1.111610014689504169e+02
7.682199895149096847e+01
1.095964995562098920e+02
1.498735005881753750e+02
9.823349982389481738e+01
1.119539998725522310e+02
1.044245015471242368e+02
9.658700203988701105e+01
9.832100044703111053e+01
1.287125000401865691e+02
1.182349994365358725e+02
7.439149900199845433e+01
1.868115008485619910e+02
1.110665017557330430e+02
1.327099990718998015e+02
1.406975003876723349e+02
9.735350033571012318e+01
9.753700121538713574e+01
1.367919991983799264e+02
1.022304994344594888e+02
1.610250000872183591e+02
1.661209978540427983e+02
8.193349968455731869e+01
1.191674999088281766e+02
7.306449885410256684e+01
7.348049958253977820e+01
1.442329987218836322e+02
9.549700134259182960e+01
1.637949990322813392e+02
1.105490003267768770e+02
1.403445029520080425e+02
7.378549850964918733e+01
1.343115004773717374e+02
1.238519982654834166e+02
1.359270010520704091e+02
1.511920029564062133e+02
1.014134990294696763e+02
1.168680001348257065e+02
1.214034978807903826e+02
9.233749969745986164e+01
7.216599963884800673e+01
1.378365014889277518e+02
1.309070000792853534e+02
1.427234991809818894e+02
9.585949851834448054e+01
1.248464980304706842e+02
1.356450005084043369e+02
7.564099922333844006e+01
1.480499983542249538e+02
7.633899941609706730e+01
1.261499999179504812e+02
9.622849897318519652e+01
1.018415003530681133e+02
1.205340025087934919e+02
1.601259992367122322e+02
1.373264986773137935e+02
1.032324980250559747e+02
1.283360020741820335e+02
9.564549915539100766e+01
1.283525016778730787e+02
1.043694991606753320e+02
1.423374979877844453e+02
1.078850010700989515e+02
6.386050017981324345e+01
1.028464993564411998e+02
1.018550015780492686e+02
7.299299900466576219e+01
1.023679987514624372e+02
9.534149880579207093e+01
8.381750006787478924e+01
8.653249911381863058e+01
1.564310005598235875e+02
1.220619988073594868e+02
1.083675006639678031e+02
1.377840006779879332e+02
1.244284999753581360e+02
1.713404993692529388e+02
