1.062355003063566983e+02
1.499305007229559124e+02
1.509100022455677390e+02
1.007614999522920698e+02
1.199735008637071587e+02
1.018619992388412356e+02
1.818420018366305158e+02
1.788555012559518218e+02
1.928270001038908958e+02
1.375370006831362844e+02
1.518785012071602978e+02
1.530279980753548443e+02
1.096810008294414729e+02
1.541189989335834980e+02
1.504575019399635494e+02
1.331549998142290860e+02
1.628285016480367631e+02
1.998139994313241914e+02
1.488555003814399242e+02
1.801009991206228733e+02
1.790665016481652856e+02
1.267999996664002538e+02
1.097350004876498133e+02
1.620224998261546716e+02
1.158629994108341634e+02
1.763185014023911208e+02
1.958345003788126633e+02
1.723124999315477908e+02
1.716244993578293361e+02
1.120380004313774407e+02
1.765035005854442716e+02
1.868150001289322972e+02
1.357305011416319758e+02
9.993099919852102175e+01
1.914234984038630500e+02
1.078825005051912740e+02
1.318674999999348074e+02
1.328305026633897796e+02
1.486375010170158930e+02
1.728070035099517554e+02
1.526430009205359966e+02
1.107529992894269526e+02
1.498785008165286854e+02
7.606599986419314519e+01
1.618519992539659142e+02
9.849099879665300250e+01
1.618184997257776558e+02
1.438864995727781206e+02
1.338164987410418689e+02
1.248544981558807194e+02
