1.612839987198822200e+02
7.491600016923621297e+01
1.400090011898428202e+02
1.328274986280594021e+02
1.098684999584802426e+02
1.473415000366512686e+02
1.697049994829576463e+02
1.211244986077072099e+02
1.105104991207481362e+02
1.589594984255963936e+02
8.177349946368485689e+01
1.709890012941323221e+02
1.262224993908312172e+02
1.020479987673461437e+02
7.321600015490548685e+01
1.540025003240443766e+02
1.040559989720350131e+02
1.730880033913999796e+02
8.014549941883888096e+01
8.758100181177724153e+01
1.184440003535710275e+02
1.067754974398412742e+02
6.982750017847865820e+01
9.605000130739063025e+01
9.985599813988665119e+01
6.457299863430671394e+01
1.217884989453013986e+02
9.907349937455728650e+01
1.052330006752163172e+02
1.793225016989745200e+02
1.083420004798099399e+02
1.459219989003613591e+02
1.398394979913718998e+02
1.032009991826489568e+02
1.158360017637023702e+02
1.390294984853826463e+02
8.414400010555982590e+01
1.460964998434064910e+02
8.884249907574849203e+01
1.618379983261693269e+02
7.305250008380971849e+01
1.150375005027744919e+02
9.987349941785214469e+01
1.178375001330859959e+02
7.013500004645902663e+01
1.338064992475556210e+02
1.293220001703011803e+02
1.089439998376183212e+02
1.651054993118741550e+02
1.525924990804633126e+02
