1.072704992058570497e+02
1.028510005075950176e+02
1.154260005960823037e+02
1.144340002285316586e+02
1.112305004389490932e+02
1.140804992265184410e+02
1.403149975703563541e+02
1.476800007920246571e+02
1.678244995564455166e+02
1.034390014198143035e+02
1.390479999188682996e+02
1.359069998121121898e+02
7.410199928260408342e+01
1.091050011403858662e+02
1.724720031819306314e+02
9.738700048392638564e+01
1.445654999548569322e+02
1.046525001219706610e+02
8.636299939849413931e+01
9.872749913344159722e+01
1.719919990825583227e+02
7.095199986291117966e+01
1.479770029014907777e+02
1.119510003309696913e+02
1.024665004708804190e+02
1.593130012769252062e+02
1.462875002133660018e+02
1.253794993269257247e+02
1.304395000562071800e+02
1.373619999373331666e+02
1.223240034698974341e+02
1.034674997564870864e+02
1.089424998094327748e+02
1.988425013637170196e+02
1.748159994543530047e+02
1.233359978945227340e+02
1.123279999739024788e+02
1.539085007190005854e+02
1.324514995375648141e+02
9.765849837177665904e+01
9.135200014710426331e+01
1.355124991470947862e+02
1.678324990035034716e+02
1.460215008468367159e+02
9.071899954066611826e+01
1.140489975451491773e+02
1.267099997269106098e+02
1.737824989496730268e+02
1.415484997645253316e+02
1.358344987482996657e+02
