1.413245011898688972e+02
7.677150065242312849e+01
1.118470015223138034e+02
1.068274992876686156e+02
1.016459988262504339e+02
1.023444986804388463e+02
1.727620013309642673e+02
1.005319995111785829e+02
1.568400008920580149e+02
1.697940014440682717e+02
1.278035007568541914e+02
8.372500062186736614e+01
1.169070002799853683e+02
1.709985024139750749e+02
1.281539997693616897e+02
1.508414993933984078e+02
1.266089992249035276e+02
1.476839991603046656e+02
1.201579995825886726e+02
1.152334982147440314e+02
8.199549997388385236e+01
1.189789989353739657e+02
1.651319966556038707e+02
9.912500026647467166e+01
1.627944970687385648e+02
8.551349938288331032e+01
7.243900009198114276e+01
1.336310022929683328e+02
1.466950021020602435e+02
1.277659986783983186e+02
1.131189983937074430e+02
1.496104999935487285e+02
1.902785022324533202e+02
8.043049908371176571e+01
1.339120002877898514e+02
1.068724987325258553e+02
1.305115014861803502e+02
9.884049778024200350e+01
1.398635018684435636e+02
1.500539991266559809e+02
1.448234990937635303e+02
1.443259978995192796e+02
9.484300086041912436e+01
1.117809992660768330e+02
1.072344989033881575e+02
1.328164991480298340e+02
1.297344991668360308e+02
1.242290008107665926e+02
1.226810017083771527e+02
1.171335004456341267e+02
