1.473179996223188937e+02
1.451569987499387935e+02
1.537225025707157329e+02
1.438269988210522570e+02
1.102454999019391835e+02
1.290509993046289310e+02
1.543624996687285602e+02
1.288530005046632141e+02
1.733025014079175889e+02
1.439415025548660196e+02
1.451279985436704010e+02
1.666200008601881564e+02
1.624269976015202701e+02
1.677305005514062941e+02
1.367295002823229879e+02
1.463404992768773809e+02
1.062670018322532997e+02
1.421309996187919751e+02
1.441465006469516084e+02
1.243394995817216113e+02
1.862899978160276078e+02
1.273334997906349599e+02
1.801419996265321970e+02
1.042804993536556140e+02
1.214654971701675095e+02
1.783384978612884879e+02
1.941174984429962933e+02
1.088769988171989098e+02
1.498440018640831113e+02
1.501054978700121865e+02
1.850589986206032336e+02
1.133735020435415208e+02
1.925925018677953631e+02
1.512770001895842142e+02
1.597760015207459219e+02
1.300334991803392768e+02
1.514030018770718016e+02
1.003939994001411833e+02
1.490670003183186054e+02
1.727819992189761251e+02
1.459294970579212531e+02
1.589114985136548057e+02
1.482160002070013434e+02
1.965815008793142624e+02
1.332090007301885635e+02
1.280600005523301661e+02
1.684069977942854166e+02
1.290609997594729066e+02
2.038074990842724219e+02
1.348005014157388359e+02
