8.671850055293180048e+01
1.214099992431001738e+02
9.925049907038919628e+01
1.391089977859519422e+02
1.497969992543803528e+02
1.275344995983177796e+02
9.672750010609161109e+01
1.158064990793354809e+02
1.635915002995170653e+02
1.316134991588769481e+02
1.468139993585646152e+02
1.178274996944819577e+02
1.402435026655439287e+02
7.588700005458667874e+01
1.408189989448292181e+02
1.318465005415491760e+02
1.093450013360707089e+02
1.379104975169757381e+02
1.441009998992085457e+02
1.197329997718334198e+02
1.065740013659233227e+02
1.849785041357390583e+02
1.321484987767180428e+02
9.395850058604264632e+01
1.682625027443282306e+02
1.373045026450417936e+02
1.292534999477211386e+02
9.287749937735497952e+01
1.580934988749795593e+02
1.306220005919458345e+02
1.249139991811243817e+02
6.083149991813115776e+01
5.785600015439558774e+01
9.392849956266582012e+01
1.149164990307763219e+02
7.283899955335073173e+01
8.260999906179495156e+01
6.368249987158924341e+01
1.276540009030140936e+02
1.196134987201076001e+02
9.415800110029522330e+01
7.683799934160197154e+01
1.108624999963212758e+02
1.289794992082752287e+02
1.358205003736657090e+02
1.664939978031907231e+02
1.715069990957854316e+02
1.359914994876598939e+02
1.792730015784036368e+02
1.136715009234030731e+02
