1.377299997685477138e+02
1.368390017262427136e+02
1.604994991618441418e+02
1.728744997635949403e+02
1.610919970874092542e+02
1.667884961295640096e+02
2.052079987566103227e+02
1.396159994564950466e+02
1.981650016909698024e+02
1.797050008479272947e+02
1.528370022153831087e+02
2.017835020048078150e+02
1.738375002988614142e+02
1.687309999592835084e+02
2.007775014719227329e+02
1.220640018831472844e+02
1.235289996969513595e+02
1.748299997090944089e+02
1.962859993575839326e+02
1.322414982952177525e+02
1.637374991257674992e+02
1.738005011333152652e+02
1.574555009466130286e+02
1.352154997010948136e+02
1.200469992199214175e+02
1.528200001323129982e+02
1.400120013653067872e+02
1.861269994711037725e+02
1.401335006968583912e+02
1.388365016505122185e+02
1.830045021732803434e+02
1.120465004448778927e+02
1.139269983971025795e+02
1.508355007541249506e+02
1.689109980477951467e+02
1.004580005292082205e+02
1.704179982456844300e+02
1.809940009112469852e+02
1.740975006832741201e+02
1.341304990978096612e+02
1.547810009615495801e+02
1.630325021781027317e+02
1.270484990309923887e+02
1.666075010235654190e+02
1.999210011565592140e+02
1.534464988723048009e+02
1.083420010870322585e+02
1.343185003674589097e+02
1.725260008284822106e+02
1.794904989388305694e+02
