1.643344997343374416e+02
1.674544990095309913e+02
1.750025008828379214e+02
1.830180001256521791e+02
1.552200017273426056e+02
1.110545000871643424e+02
1.351305002118460834e+02
1.940940012087230571e+02
1.079725008269306272e+02
1.364159987480379641e+02
1.118605008080485277e+02
8.697649876773357391e+01
1.372190024955198169e+02
1.697825003541074693e+02
1.390219973968341947e+02
1.493365007005631924e+02
1.485985013268073089e+02
1.627049999974551611e+02
1.418379971558460966e+02
1.808235012537916191e+02
9.640049936110153794e+01
1.284875013788696378e+02
1.090559997064992785e+02
1.805019979780772701e+02
1.116404996046330780e+02
1.719124991911230609e+02
9.903899876610375941e+01
1.483639989963266999e+02
1.868279996151104569e+02
2.009339982687961310e+02
1.473510027453303337e+02
1.323314997111447155e+02
1.552150010541081429e+02
1.784115017817821354e+02
1.697759981327690184e+02
1.155590004149125889e+02
1.450440021348185837e+02
1.468390002702944912e+02
1.568055000465828925e+02
1.758590035180095583e+02
1.745365022585028782e+02
1.189370011738501489e+02
1.946044985189219005e+02
1.328615010409848765e+02
1.638554993085563183e+02
1.508439981351257302e+02
1.566119970455765724e+02
1.795925010393839329e+02
1.322450007485458627e+02
1.898174990813713521e+02
