1.452959992196992971e+02
1.383584996724966913e+02
1.648314982866868377e+02
1.623914995739469305e+02
1.618494994938373566e+02
1.081809998243697919e+02
1.608559998087584972e+02
1.497729996611597016e+02
1.385675014260923490e+02
1.295965001061558723e+02
9.779200121760368347e+01
1.462269993379013613e+02
1.268849991579772905e+02
9.029150010331068188e+01
1.355870001714210957e+02
1.440574987570289522e+02
1.111030016955919564e+02
1.319614998761098832e+02
1.822530014339135960e+02
1.440930003598332405e+02
1.008800018811598420e+02
1.608375013575423509e+02
1.317659993121633306e+02
9.530149934138171375e+01
1.099165010722354054e+02
1.388874975258950144e+02
1.159685012500267476e+02
9.599650022154673934e+01
1.291664999213535339e+02
9.458450023952173069e+01
8.809449946193490177e+01
1.328429993160534650e+02
1.019010005088057369e+02
1.443864976973272860e+02
1.165074993376620114e+02
1.167869988465681672e+02
1.561709996493300423e+02
1.502910013019572943e+02
1.126004989502835087e+02
1.408750006747432053e+02
1.318614992031361908e+02
8.959749952075071633e+01
1.502840002893935889e+02
9.990349875780520961e+01
1.118634991553262807e+02
1.508520006844773889e+02
1.251865005411673337e+02
1.798489987454377115e+02
1.475865005637751892e+02
1.337644993627909571e+02
