1.783164987473282963e+02
1.440314981043920852e+02
1.109989992469782010e+02
8.492349993670359254e+01
8.696949917962774634e+01
1.075530002278974280e+02
1.329825010048225522e+02
1.134155007350491360e+02
1.333510002427501604e+02
1.368144993088208139e+02
1.259255009200423956e+02
7.906049840827472508e+01
1.044469999481225386e+02
9.126599896699190140e+01
7.985950053576380014e+01
1.168399990326724946e+02
1.194615007461979985e+02
9.548299971880624071e+01
1.628394995741546154e+02
1.141215004545520060e+02
1.708069977611303329e+02
1.531205013525905088e+02
7.650950144452508539e+01
1.091634992081671953e+02
8.534050039993599057e+01
1.462424994854372926e+02
1.655814995961263776e+02
1.531219995932187885e+02
1.556020003659650683e+02
1.146499994494952261e+02
1.390490003565791994e+02
1.090549976625479758e+02
1.010714985015802085e+02
1.626980014445725828e+02
1.667969994770828635e+02
1.326325011728331447e+02
1.228239989713765681e+02
9.287600128632038832e+01
1.518065004755044356e+02
9.468299908086191863e+01
8.926749867480248213e+01
1.579055002387613058e+02
1.458299976513371803e+02
1.692155011803843081e+02
8.213699970929883420e+01
8.892999812174821272e+01
1.078690012494334951e+02
9.586050120485015213e+01
1.221669997186399996e+02
8.507050097460160032e+01
