1.502209997550817207e+02
1.392395005932776257e+02
1.534235024299123324e+02
1.055615014461800456e+02
1.698320006192661822e+02
1.085284988675266504e+02
1.079565008148783818e+02
1.238585011803661473e+02
1.296324987226398662e+02
1.771225002175197005e+02
1.474009990161284804e+02
1.747070004423148930e+02
1.207064988633501343e+02
7.639000010513700545e+01
1.299155016551376320e+02
8.378850024892017245e+01
1.282154971782583743e+02
1.485534991996828467e+02
1.688425001683644950e+02
9.321149956248700619e+01
2.023099988731555641e+02
1.859999990037176758e+02
1.362229999490082264e+02
1.698265010447357781e+02
1.405290009279269725e+02
1.777924999243114144e+02
1.483650008313124999e+02
1.887899969596182927e+02
1.398455003505805507e+02
9.384999937028624117e+01
1.905170038647484034e+02
1.271145000405376777e+02
1.358355000797891989e+02
1.443470002685207874e+02
1.799385005034273490e+02
1.396049988407175988e+02
1.333395019146846607e+02
1.618195020812563598e+02
1.547295006900094450e+02
1.887835015450837091e+02
1.847999994317069650e+02
1.357305014175362885e+02
1.341595014908816665e+02
1.393474989012465812e+02
1.022499982304871082e+02
1.288359972895123065e+02
1.792849997000303119e+02
1.893154993983916938e+02
1.150399982593953609e+02
1.329360015790443867e+02
1.493074989786837250e+02
1.164074997246498242e+02
1.787995001371600665e+02
1.597745001576840878e+02
1.617420006790198386e+02
1.678299974091351032e+02
1.525375030492432415e+02
1.759905007942579687e+02
1.445259983793366700e+02
1.556325011799344793e+02
1.307690004394389689e+02
9.935749976173974574e+01
1.905040021841414273e+02
1.774105006097815931e+02
1.776379999956116080e+02
1.176259994725696743e+02
1.073489989145891741e+02
1.741344984882744029e+02
1.738720007179072127e+02
1.617414993899874389e+02
1.906529992686118931e+02
1.333180001981672831e+02
8.547650081524625421e+01
1.106345008823554963e+02
1.458510013152845204e+02
1.315365006430656649e+02
1.507924997024820186e+02
1.738365006097592413e+02
1.487190009602345526e+02
1.756810007103485987e+02
1.401205012194695882e+02
1.417035022883210331e+02
2.297669991073198617e+02
1.872864996597636491e+02
1.701294993915944360e+02
1.172404988624039106e+02
1.326359998878324404e+02
1.654840017007663846e+02
1.238404975230805576e+02
1.785085032095666975e+02
1.496794985122978687e+02
1.399189988776342943e+02
1.634675033094245009e+02
1.710135004306212068e+02
1.488449996146373451e+02
1.459240002045407891e+02
1.395505017113173380e+02
1.393489992860704660e+02
1.696455024974420667e+02
1.772915030879084952e+02
1.258260005662450567e+02
1.837904993498232216e+02
1.512855006427271292e+02
2.123210000970866531e+02
1.019470002230373211e+02
1.718080009431578219e+02
1.992964989790343679e+02
1.473069997878046706e+02
1.780045008568558842e+02
1.225314998945686966e+02
1.703125033848918974e+02
1.459665005406131968e+02
1.414604988516075537e+02
1.340195012595504522e+02
1.892999998375307769e+02
1.098634998257039115e+02
9.707149982941336930e+01
1.389975012625218369e+02
1.478430017685168423e+02
1.819825026598409750e+02
1.159399983582552522e+02
1.473129998510703444e+02
1.668360006599687040e+02
1.458170007748994976e+02
1.607455006558448076e+02
1.128979986681370065e+02
1.649460008275927976e+02
1.582289975513704121e+02
1.428295008775312454e+02
1.626124982973560691e+02
1.098759982143528759e+02
1.743265010997420177e+02
1.760065027196542360e+02
1.824149990645819344e+02
1.308350009354762733e+02
1.408579989988356829e+02
1.685850006274413317e+02
1.708065025643445551e+02
1.678200025798869319e+02
1.369210024310741574e+02
1.348275007647462189e+02
1.695150014841929078e+02
2.229979993178276345e+02
1.098474999833852053e+02
1.663175011842977256e+02
1.034515012907795608e+02
1.340345008261501789e+02
1.627815003318828531e+02
1.888114983001723886e+02
1.837910011312924325e+02
1.542054988525342196e+02
1.500330019922694191e+02
1.793009992054430768e+02
1.758080024524824694e+02
1.442329997540218756e+02
6.882300027180463076e+01
1.571844973672414199e+02
9.886449886451009661e+01
1.635365020522149280e+02
1.335984987575793639e+02
1.022409985208651051e+02
1.448409991275984794e+02
1.670195004164706916e+02
1.388129999479278922e+02
1.723094997277949005e+02
1.828475018264725804e+02
1.749089994903188199e+02
1.705969978228677064e+02
9.605100136180408299e+01
1.922079990319907665e+02
6.490399935236200690e+01
1.096789977034204639e+02
1.788075023619458079e+02
1.718209988120943308e+02
1.513354978710412979e+02
1.660160009575774893e+02
1.202330020507797599e+02
1.495255005336948670e+02
1.898804992923978716e+02
1.311390002891421318e+02
1.414100021927151829e+02
1.468309997405158356e+02
1.479494992550462484e+02
2.056944998982362449e+02
1.473129993055481464e+02
1.718280010349117219e+02
1.573284996249713004e+02
1.838000018980819732e+02
1.701040004419628531e+02
1.680999988396652043e+02
1.502944995928555727e+02
1.838099995927186683e+02
1.528300014128908515e+02
1.628165002834284678e+02
1.701200000564567745e+02
1.525559996510273777e+02
1.476355002690688707e+02
1.579069996319012716e+02
1.289405009537003934e+02
1.136694998664897867e+02
