9.927000074111856520e+01
1.059404990216717124e+02
1.381614995282725431e+02
9.786149963503703475e+01
1.752104995542322285e+02
1.064384998020250350e+02
1.590355004208395258e+02
9.993150021636392921e+01
1.215165027413750067e+02
1.155640002079308033e+02
1.029335002759471536e+02
1.198190004632342607e+02
7.383350000681821257e+01
1.046404999862425029e+02
1.011380009036511183e+02
1.710034984173253179e+02
1.063775009164819494e+02
1.614115003182087094e+02
1.362509986268123612e+02
9.381500043836422265e+01
7.477250031917355955e+01
1.248615002147853374e+02
1.358219972946681082e+02
1.802934969356283545e+02
1.128114986070431769e+02
1.105735014680540189e+02
1.508135000898037106e+02
8.978800062322989106e+01
1.038584994180710055e+02
1.654654995925957337e+02
1.530894997329451144e+02
9.185999988717958331e+01
9.095949925621971488e+01
1.194795013477560133e+02
1.606345003755413927e+02
1.411540001936373301e+02
1.104640024837572128e+02
1.193179994926322252e+02
1.558169982336694375e+02
9.896549978293478489e+01
7.634900121623650193e+01
1.526335006348090246e+02
9.506800004211254418e+01
9.468999867734964937e+01
1.437055001393891871e+02
9.317750100686680526e+01
1.087679986291332170e+02
1.358280006074346602e+02
1.627705000564455986e+02
9.584849922382272780e+01
