1.272335001399042085e+02
6.707400031510042027e+01
1.148555000144988298e+02
8.838150047638919204e+01
1.302414990700781345e+02
1.053800007137469947e+02
1.344809990982757881e+02
7.911150066088885069e+01
9.977550005016382784e+01
9.081249909405596554e+01
1.396245017098262906e+02
1.598114990596659482e+02
1.349270004798308946e+02
8.486850049474742264e+01
6.680900159268639982e+01
9.467999998503364623e+01
6.807200086873490363e+01
1.051335001543629915e+02
1.003489996341522783e+02
1.720250011586467735e+02
1.478190007943194360e+02
1.485490002419101074e+02
8.836100085359066725e+01
1.770120001892209984e+02
1.327545008689630777e+02
8.423250082624144852e+01
1.205270008062943816e+02
1.183705004926305264e+02
1.348464995049871504e+02
6.788300047535449266e+01
1.320404981139581650e+02
1.632914979646448046e+02
1.415539992605336010e+02
9.638050004071556032e+01
1.251380002081859857e+02
1.058660008024889976e+02
1.645274995781946927e+02
1.592959981747553684e+02
1.055450007258914411e+02
1.418900012054946274e+02
1.165389992492855527e+02
9.094450051878811792e+01
9.806549797812476754e+01
1.264274982116185129e+02
1.078279990181326866e+02
9.686999994469806552e+01
1.183374979865038767e+02
9.784449891513213515e+01
1.459165017708437517e+02
9.766500074829673395e+01
