1.667845007702708244e+02
1.583614993796218187e+02
1.467689986010082066e+02
1.424924979822244495e+02
1.222700010398984887e+02
1.499105005562305450e+02
1.417610006006434560e+02
1.120169990296126343e+02
1.469069988099508919e+02
1.396244974791770801e+02
1.067020006753737107e+02
1.330865005464293063e+02
1.732850008506793529e+02
1.183694990865187719e+02
1.554785001213313080e+02
9.041799906094092876e+01
1.531814995603635907e+02
1.223995010788203217e+02
1.828810022661928087e+02
1.483275016308762133e+02
1.395345003278926015e+02
1.268720010044053197e+02
1.045835005893604830e+02
1.100789987921598367e+02
1.234129987577907741e+02
1.570700001759687439e+02
1.409520009863190353e+02
1.421809996276861057e+02
1.538459969679825008e+02
1.083770007300190628e+02
1.575889994024764746e+02
1.366079998008208349e+02
1.053929997177328914e+02
1.036725003123283386e+02
1.133054990905802697e+02
1.088955011293292046e+02
1.024954991318518296e+02
1.551755011281929910e+02
1.137190005967859179e+02
1.431804996416904032e+02
1.472729980307631195e+02
1.669264995157718658e+02
9.517499893670901656e+01
9.792349901515990496e+01
9.508800095925107598e+01
1.108814988904632628e+02
1.638355000345618464e+02
8.992500096280127764e+01
1.512400009009288624e+02
1.038909987218212336e+02
