1.112420009886845946e+02
1.138270000033080578e+02
5.820600017067044973e+01
1.318629989531473257e+02
1.588265004956629127e+02
1.045469988670665771e+02
8.987699907540809363e+01
1.052295005741761997e+02
8.395600001804996282e+01
1.444439991757972166e+02
1.613269996492890641e+02
7.186949973419541493e+01
9.917149957315996289e+01
1.393050004972610623e+02
1.328279988131253049e+02
6.643850012961775064e+01
8.027949990483466536e+01
9.344699935778044164e+01
1.527094992031925358e+02
1.004365010027540848e+02
1.005369998549576849e+02
1.019949983358383179e+02
8.733400208607781678e+01
9.674500033142976463e+01
1.373234998090774752e+02
1.187240021839970723e+02
1.608334996629273519e+02
1.335530011398950592e+02
1.143134984215721488e+02
1.066819987794151530e+02
9.308749879291281104e+01
9.885050067584961653e+01
1.255509990648133680e+02
1.448339977009454742e+02
1.427685006794054061e+02
1.343379993655253202e+02
9.072350042173638940e+01
1.595914991036988795e+02
1.270420000000158325e+02
1.629024985278956592e+02
1.187464993668254465e+02
1.150155012289760634e+02
1.610339976861141622e+02
1.028695006532361731e+02
1.628225021709222347e+02
1.428549995003268123e+02
7.079250090220011771e+01
1.164490005411207676e+02
1.020404995481949300e+02
1.178449983117170632e+02
1.257299999038223177e+02
9.836550072825048119e+01
7.095899909344734624e+01
1.388045013665687293e+02
1.412944983076304197e+02
7.253249872475862503e+01
1.119444999255356379e+02
8.914349870616570115e+01
1.405234993358608335e+02
1.100504992869682610e+02
1.408654987722402439e+02
1.018370000465074554e+02
1.141010025646537542e+02
1.033275006138719618e+02
1.098285012119449675e+02
7.429049954062793404e+01
1.413185014263726771e+02
1.432169995491858572e+02
1.149764993572607636e+02
1.104609996950021014e+02
1.511230005673132837e+02
9.658600007649511099e+01
7.739699980011209846e+01
1.170275001510744914e+02
1.735880023699719459e+02
9.782599983969703317e+01
1.169405012230854481e+02
8.585100068128667772e+01
9.375249943276867270e+01
1.034729982820572332e+02
1.411284978687763214e+02
1.368139989473856986e+02
1.417109995738137513e+02
9.182949968078173697e+01
1.494540002560243011e+02
1.458679984012851492e+02
9.907899885671213269e+01
1.375794973897282034e+02
1.278204985728370957e+02
1.283449999003205448e+02
9.314399949717335403e+01
1.166449987100204453e+02
1.435529975528479554e+02
8.589149985124822706e+01
1.284599995083408430e+02
1.068544992362149060e+02
1.297214992352528498e+02
1.670850000062491745e+02
9.085899945930577815e+01
1.246884988257661462e+02
9.281949927262030542e+01
1.196995016047731042e+02
1.178254985311068594e+02
1.236025006702984683e+02
8.416949966148240492e+01
1.160290009649470448e+02
7.628100017830729485e+01
1.520895021669566631e+02
1.089379994506016374e+02
9.705799951497465372e+01
5.784050032077357173e+01
1.088260012099053711e+02
1.130499990607495420e+02
1.757745012075174600e+02
1.692150010482873768e+02
1.498199980063945986e+02
9.325699869822710752e+01
1.258344995268853381e+02
1.657134992117062211e+02
1.726920032973866910e+02
1.832950019962736405e+02
1.355050000206683762e+02
1.342194995983154513e+02
1.538465016350965016e+02
1.633085030147340149e+02
1.120249981671804562e+02
1.448160006368998438e+02
1.300544995828531682e+02
1.138495014021755196e+02
1.201115006507025100e+02
1.011335004285210744e+02
8.003400070464704186e+01
9.605149904161226004e+01
9.255499994021374732e+01
1.050480004898272455e+02
1.363534997575916350e+02
1.681505016887094826e+02
1.067054996998049319e+02
9.336199811531696469e+01
1.467309983876766637e+02
1.519094995129853487e+02
8.715099883603397757e+01
1.718989993364084512e+02
1.139134988813311793e+02
4.969100014358991757e+01
1.633249995158985257e+02
1.395485007861861959e+02
1.252850001613842323e+02
1.438394991627428681e+02
1.001399997917469591e+02
1.241165000298060477e+02
1.650000000279396772e+02
1.399424976527807303e+02
1.078169983085244894e+02
9.647599791828542948e+01
1.442335013793781400e+02
1.559070012129377574e+02
1.747925012011546642e+02
1.029794992702081800e+02
9.288700075657106936e+01
1.059054982340894639e+02
1.133704997799359262e+02
1.467914997371844947e+02
4.907949963095597923e+01
1.623364996400196105e+02
1.021480002521420829e+02
9.854349952284246683e+01
5.621849909937009215e+01
1.261479994289111346e+02
1.004605003714095801e+02
1.122319999993778765e+02
9.114600044640246779e+01
9.457149937824578956e+01
7.387349928263574839e+01
1.058150002111797221e+02
1.536240000965190120e+02
1.184564977679401636e+02
1.495120005466742441e+02
8.073099958151578903e+01
1.189409985032398254e+02
1.270209997231140733e+02
1.005564989070408046e+02
1.506889995434321463e+02
9.175900175713468343e+01
8.902549933735281229e+01
1.242640003189444542e+02
1.498395002726465464e+02
6.733100044308230281e+01
6.315100030601024628e+01
1.586209996279794723e+02
1.075505004089791328e+02
7.357899898756295443e+01
1.414670014937873930e+02
1.417220017428044230e+02
8.472199968690983951e+01
1.288174991244450212e+02
1.465315013714134693e+02
1.129509990019723773e+02
8.885850036406191066e+01
1.013144994175527245e+02
