1.703204991399543360e+02
9.736899955803528428e+01
7.054999969259370118e+01
1.238239983476232737e+02
1.010404982550535351e+02
6.834749914705753326e+01
1.178354998703580350e+02
1.389395005788537674e+02
1.533824995367322117e+02
1.367074995479779318e+02
1.083289991156198084e+02
1.317404994370881468e+02
1.313400006411247887e+02
1.070989992750110105e+02
9.999650009826291353e+01
1.259104991703061387e+02
1.139144996893592179e+02
6.508250016090460122e+01
1.297435009104083292e+02
1.066635008687153459e+02
7.184999984502792358e+01
1.270434991694055498e+02
6.485199963767081499e+01
1.398249979896936566e+02
1.128750000694999471e+02
1.426389993294142187e+02
1.278105007177218795e+02
1.218589997678063810e+02
9.845149912813212723e+01
8.818499916768632829e+01
1.148040018836036325e+02
1.218539988150005229e+02
3.639749960228800774e+01
1.454579998954432085e+02
9.665100107772741467e+01
9.607199964311439544e+01
1.419390003937296569e+02
1.058559997314587235e+02
9.443750031408853829e+01
1.048694997872225940e+02
9.066199893585871905e+01
1.388310003713704646e+02
1.148414995652856305e+02
1.324289993415586650e+02
1.048460000712075271e+02
1.048410017743008211e+02
9.345050067314878106e+01
1.350480008610757068e+02
7.497049969318322837e+01
1.163604998784139752e+02
