1.462410015019704588e+02
1.413105003965320066e+02
1.389374998576240614e+02
1.370619973191060126e+02
1.472264980133622885e+02
1.634344996755244210e+02
1.549309982601553202e+02
1.683509998787194490e+02
1.168335006434354000e+02
1.573219972306396812e+02
1.005465001221746206e+02
1.076744989646831527e+02
2.025834978409111500e+02
1.081710016720462590e+02
1.382519990312866867e+02
1.911604991571512073e+02
2.037905009538517334e+02
1.460524999144254252e+02
1.398204978564754128e+02
1.398590004411526024e+02
1.817789998407242820e+02
1.319094995427876711e+02
7.727049965877085924e+01
1.857605017056339420e+02
7.195599937596125528e+01
1.010510012707673013e+02
7.465849957434693351e+01
1.433009990056743845e+02
1.281255000585224479e+02
7.524049990723142400e+01
1.504174998002126813e+02
1.051735000538174063e+02
1.226155012708040886e+02
1.688204983036266640e+02
1.688264990454190411e+02
1.308350012331502512e+02
1.097650018544518389e+02
1.089599990645656362e+02
1.236720011103898287e+02
1.332305021007196046e+02
1.338584987627691589e+02
1.211650008354918100e+02
1.075575009277090430e+02
1.275669990762835369e+02
1.083584997392026708e+02
1.353294999658828601e+02
1.524444992309436202e+02
1.594335007825866342e+02
1.727805011923192069e+02
1.618254994503222406e+02
