1.442559979205252603e+02
1.113915011624339968e+02
1.835144999019103125e+02
1.593804993324447423e+02
1.467584992572665215e+02
1.071695001334883273e+02
1.531580023472197354e+02
1.543470017798244953e+02
1.371589995763497427e+02
1.699690012517385185e+02
1.184600001166108996e+02
1.038735002992907539e+02
1.318759991552797146e+02
1.360780009157024324e+02
1.364309998686076142e+02
1.008985003186389804e+02
9.871149903361219913e+01
1.106080010929144919e+02
1.390965006633196026e+02
1.329399993051774800e+02
1.137134980410337448e+02
1.227830019721295685e+02
1.039170001983293332e+02
1.078075007374864072e+02
1.495590010561281815e+02
1.280830019112327136e+02
1.320694984749425203e+02
1.656104995077475905e+02
9.339849971805233508e+01
1.378810005078557879e+02
1.261929998530540615e+02
1.698230015360750258e+02
1.229025016501545906e+02
1.611615002141334116e+02
1.125100004975683987e+02
1.091420004963874817e+02
1.743714972679736093e+02
1.340834991252049804e+02
1.009034970253705978e+02
1.025909993401728570e+02
1.184569996758364141e+02
1.444950022386037745e+02
1.644885012805461884e+02
1.333479975948575884e+02
1.379519998533651233e+02
1.258059993535280228e+02
7.990350135578773916e+01
1.731449989895918407e+02
1.893470014384947717e+02
1.575534988553263247e+02
1.302470005364157259e+02
1.428735003150068223e+02
1.777335010457318276e+02
1.453290012301877141e+02
1.596634997481014580e+02
1.631415006699971855e+02
1.598849998400546610e+02
1.038689981021452695e+02
1.546879989504814148e+02
1.486654999440652318e+02
1.506420011479640380e+02
1.155934993812115863e+02
1.566060001179575920e+02
1.703669969314942136e+02
1.671499994429759681e+02
1.462264992026612163e+02
9.093049939931370318e+01
1.479514997722581029e+02
1.163645009997999296e+02
9.689950018236413598e+01
1.332740009950939566e+02
1.615675023682415485e+02
1.140955014512874186e+02
1.458244979819282889e+02
1.453690004637464881e+02
1.518865005676634610e+02
1.619875031057745218e+02
1.178884994832915254e+02
1.118554979916661978e+02
1.734105005483143032e+02
9.367949961381964386e+01
1.408799999209586531e+02
1.497924975755158812e+02
1.508414988330332562e+02
1.086885001511545852e+02
1.360965000621508807e+02
1.450425003697164357e+02
1.791384979963186197e+02
1.003930008430033922e+02
9.849549887608736753e+01
1.848395023047924042e+02
1.195964999794960022e+02
1.501874990137293935e+02
1.886505032973363996e+02
1.667460008370690048e+02
1.061994999651797116e+02
1.327400012651924044e+02
1.714679983316455036e+02
1.338709991814102978e+02
1.370690008539240807e+02
1.338940005481708795e+02
9.261499847262166440e+01
9.819299943372607231e+01
1.464564997320994735e+02
1.204790001299697906e+02
1.597609995886450633e+02
1.051795007647015154e+02
8.761549816501792520e+01
1.338845000565634109e+02
1.248774992714170367e+02
1.471454998147673905e+02
9.621599895157851279e+01
1.236639975607395172e+02
1.198905002505052835e+02
1.185664994079852477e+02
1.374464983958750963e+02
1.192870009889011271e+02
1.298869978835573420e+02
1.159974985807202756e+02
1.560555008933879435e+02
1.273584995570126921e+02
1.435360004776739515e+02
1.472650017160922289e+02
1.188774985389318317e+02
1.492699982041958719e+02
1.383675010041333735e+02
1.089064983646385372e+02
1.071095009129494429e+02
1.094949992611072958e+02
1.049940022067166865e+02
1.302649998813867569e+02
1.548504991391673684e+02
1.288934996961033903e+02
1.287444989606738091e+02
1.713395004590274766e+02
9.008599923783913255e+01
1.739624975892365910e+02
1.532669994871248491e+02
1.409080011437181383e+02
1.034875000524334610e+02
1.137799988009501249e+02
8.842249961604829878e+01
1.526759980963543057e+02
1.628710002417210490e+02
1.570784987129736692e+02
1.278769967772532254e+02
1.479670015107840300e+02
1.626430021196138114e+02
1.069105013037333265e+02
1.763264992596232332e+02
1.588780013225041330e+02
1.346765031404793262e+02
1.186409994047135115e+02
1.558645010167383589e+02
1.441704988126875833e+02
1.028054995621205308e+02
1.050924996866378933e+02
1.159010004408773966e+02
1.492404999435530044e+02
1.426564993518404663e+02
1.158849999206140637e+02
1.366130005801678635e+02
8.969750011205906048e+01
1.328844988914206624e+02
1.326504989387467504e+02
1.602764997426420450e+02
1.164565004241885617e+02
1.222820005096727982e+02
1.575009990970138460e+02
1.516905014475341886e+02
1.298734985038172454e+02
1.348754994082264602e+02
1.416639987344387919e+02
1.680479986532591283e+02
1.450560015971423127e+02
1.350754992548609152e+02
1.088190006418153644e+02
1.615564984055235982e+02
1.529429989359341562e+02
1.329355004747631028e+02
1.114624995053745806e+02
1.147850003018975258e+02
1.278924993884284049e+02
1.180054989795316942e+02
1.650119970622472465e+02
1.668530002655461431e+02
1.393795005574356765e+02
1.598435012549161911e+02
1.552710011601448059e+02
1.318974996965844184e+02
1.521545010631671175e+02
1.596820000186562538e+02
1.200880013304413296e+02
7.721400114474818110e+01
1.012004998546326533e+02
1.020110004879534245e+02
1.160735013937810436e+02
1.336099999845027924e+02
1.662699988154345192e+02
1.648675005232216790e+02
