9.579199963691644371e+01
1.236205011178972200e+02
1.565585005641914904e+02
1.659819993759156205e+02
1.153375009463634342e+02
1.272684993445873260e+02
9.588499944668728858e+01
1.148990013003349304e+02
1.298545008675428107e+02
1.136395001490600407e+02
1.206589984362944961e+02
1.385194993317127228e+02
9.331050019722897559e+01
9.699099932541139424e+01
1.239655001148348674e+02
1.574875013411510736e+02
1.139324988966109231e+02
9.508199932728894055e+01
9.808449982618913054e+01
1.450660003239754587e+02
1.039025017605163157e+02
1.508174997838214040e+02
1.050995004544965923e+02
8.910250057128723711e+01
1.218710005497559905e+02
1.456354973251000047e+02
1.760804992811754346e+02
1.083779979103710502e+02
7.928449853358324617e+01
1.073009994598105550e+02
9.818499975651502609e+01
1.518534976879600435e+02
1.407874997758772224e+02
1.218729981558863074e+02
1.116684998124837875e+02
1.578540023773675784e+02
1.125735000302083790e+02
1.251289991876110435e+02
1.389799989047460258e+02
1.074930000322056003e+02
1.145124989161849953e+02
1.158519998025731184e+02
1.426924977423623204e+02
1.162120012808591127e+02
1.140989983818726614e+02
8.818250009813345969e+01
1.056050016419030726e+02
9.250349893793463707e+01
8.318699939094949514e+01
1.096130000675329939e+02
