1.932355013348860666e+02
1.260174978264840320e+02
1.619179982860805467e+02
1.643330013388767838e+02
1.548089976618648507e+02
1.178364993623690680e+02
1.284490004699327983e+02
1.583119997291360050e+02
1.698550000628456473e+02
1.658105000054929405e+02
1.578264975965721533e+02
1.878170003066770732e+02
1.039390009976341389e+02
1.270200018534669653e+02
1.572305025837849826e+02
1.394045003652572632e+02
1.737765011203009635e+02
1.223610011467244476e+02
1.897885005208663642e+02
1.058575002000434324e+02
1.568749992582015693e+02
1.551154994235257618e+02
1.563115021579433233e+02
1.064604995055124164e+02
1.342074984004721045e+02
1.652039987634634599e+02
1.589300007669953629e+02
1.427325013340450823e+02
1.308355021594325081e+02
1.138635002978262492e+02
1.438400012482888997e+02
1.178610012619756162e+02
1.162294986357446760e+02
1.616560013426351361e+02
2.072965006176382303e+02
1.193604999546660110e+02
2.033795005832798779e+02
1.702420018878765404e+02
1.662849972015246749e+02
1.005724979583173990e+02
1.478510003157425672e+02
1.347550002467469312e+02
1.751144982113037258e+02
1.534445007084868848e+02
1.784170018788427114e+02
9.224850063468329608e+01
1.808849982000538148e+02
1.750275015751831234e+02
1.746859991032397375e+02
1.098060008790926076e+02
