7.340250135376118124e+01
1.537839997187256813e+02
1.501785015673376620e+02
1.263889998928643763e+02
1.058170010087778792e+02
1.108685014522634447e+02
1.596495011975057423e+02
1.158034993605688214e+02
8.411649960791692138e+01
1.488934992121066898e+02
1.288750008172355592e+02
1.133960004692198709e+02
1.479154995381832123e+02
1.149940010211430490e+02
1.356994994613341987e+02
7.841000104788690805e+01
1.353790011922828853e+02
1.565110013564117253e+02
1.359729981929995120e+02
9.800350105925463140e+01
1.018219996281550266e+02
9.938349845726042986e+01
1.009150004722177982e+02
1.175354980214033276e+02
1.309110007174313068e+02
1.135140002220869064e+02
1.068149999963352457e+02
1.379125004948582500e+02
1.130875002638204023e+02
9.890200008568353951e+01
1.074245001684175804e+02
8.841950123105198145e+01
1.508760018227621913e+02
1.208315004401374608e+02
1.448685018569231033e+02
1.352705013165250421e+02
1.216170027758926153e+02
9.294300015969201922e+01
8.132250020751962438e+01
1.670679966894676909e+02
1.333730007857084274e+02
1.339630015166476369e+02
1.363480006912723184e+02
1.630635003038332798e+02
1.618705019541084766e+02
1.681814984723459929e+02
1.448865025818813592e+02
1.029240000993013382e+02
1.409144992131041363e+02
1.618874989496544003e+02
