1.523005010839551687e+02
1.458335011546732858e+02
1.244609995959326625e+02
1.116869990706909448e+02
1.463280002027750015e+02
1.324764998523169197e+02
1.068985001132823527e+02
1.550820001745596528e+02
1.898534985254518688e+02
1.168929979056119919e+02
1.041589997112751007e+02
1.081310001502279192e+02
1.083055001599714160e+02
1.354809983954764903e+02
1.407689993102103472e+02
9.988250033021904528e+01
1.025914998764637858e+02
8.102150080597493798e+01
1.713779994557262398e+02
1.588789985328912735e+02
9.840100042289122939e+01
1.080720001934096217e+02
8.948450127989053726e+01
1.278889998833183199e+02
1.386835001423023641e+02
1.438944991780444980e+02
9.517749939626082778e+01
1.528430002783425152e+02
1.054030004441738129e+02
9.436900021741166711e+01
1.158674990267027169e+02
1.508414990112651139e+02
1.418614995102980174e+02
1.508764998803380877e+02
1.564454980045557022e+02
1.531240015611983836e+02
1.638684973062481731e+02
1.476324976226314902e+02
8.484600123111158609e+01
1.136059995079413056e+02
1.189139986895024776e+02
1.349255002066493034e+02
1.462220004722476006e+02
1.538649962806375697e+02
1.549149985965341330e+02
1.079790001842193305e+02
1.505799972196109593e+02
1.522234985902905464e+02
1.425335016474127769e+02
1.220784993828274310e+02
