1.437420022415462881e+02
1.263589981163386256e+02
1.478879994481103495e+02
1.479039984998526052e+02
1.758700021945405751e+02
1.598504991608206183e+02
1.723604979466763325e+02
1.489899999555200338e+02
1.059100006148219109e+02
1.554690010308986530e+02
1.468730013119056821e+02
1.303585009208181873e+02
1.539485014500096440e+02
1.507415004549548030e+02
1.724634999558329582e+02
1.633819987960741855e+02
1.447690017605782486e+02
1.201945003513246775e+02
1.483884990410879254e+02
1.815634986032964662e+02
1.265629985318519175e+02
1.385785018587484956e+02
1.423314991970546544e+02
9.398949880670988932e+01
1.098700009046588093e+02
1.488779993384378031e+02
1.563879989378619939e+02
1.608799965810030699e+02
1.502504982837708667e+02
7.600299975206144154e+01
1.492674988816143014e+02
1.362770011783577502e+02
1.478735013998812065e+02
1.535725024144630879e+02
1.446734997062012553e+02
1.671324970821151510e+02
1.147379989461041987e+02
1.199194996026344597e+02
1.224040004631970078e+02
9.840399916667956859e+01
1.655690005953074433e+02
1.477929983446374536e+02
1.281184996101073921e+02
1.570769978640601039e+02
1.680440003969706595e+02
1.209530019189696759e+02
1.788284986973740160e+02
1.715549973065499216e+02
1.744475015833741054e+02
1.688514994855504483e+02
