1.122975004176259972e+02
9.291200072463834658e+01
1.570914993087062612e+02
1.336724998930585571e+02
1.853709991252981126e+02
1.015200028198887594e+02
1.219000006234273314e+02
1.028104995107278228e+02
1.678584983209148049e+02
1.564645000845193863e+02
1.042724991257418878e+02
1.646659996437374502e+02
1.009204993173480034e+02
1.072094988524913788e+02
1.818669989253976382e+02
1.718554978464962915e+02
8.630749984527938068e+01
1.240974982753396034e+02
1.398484993651509285e+02
1.539774998436914757e+02
1.275779993506148458e+02
1.333634990801801905e+02
1.494810000035213307e+02
1.188980006632045843e+02
1.533419998390600085e+02
1.561214987973216921e+02
1.497604992294218391e+02
1.558830012521357276e+02
1.708814999833703041e+02
1.644385006783413701e+02
1.061954997426946647e+02
9.487099894671700895e+01
1.638654998113634065e+02
1.118854988341918215e+02
1.501550009399652481e+02
1.132019995078444481e+02
1.246895001081284136e+02
1.453589974939823151e+02
1.446580010513425805e+02
1.003900011904188432e+02
1.509224988897331059e+02
1.248175015996675938e+02
1.758950014282017946e+02
1.370720001950394362e+02
1.025055004936293699e+02
1.009184990982175805e+02
1.787055007666349411e+02
1.348980002924799919e+02
1.398979999949224293e+02
1.279850003570318222e+02
