1.657114997841417789e+02
1.183390000532381237e+02
1.037364991562790237e+02
1.804040002422407269e+02
1.331535019612638280e+02
1.492354991615284234e+02
1.358099995196098462e+02
2.115149993626400828e+02
1.106884998953901231e+02
1.658200008026324213e+02
1.818344989871839061e+02
1.538510004039853811e+02
1.271515004651155323e+02
1.738389973957091570e+02
1.777504982468672097e+02
1.291710005130153149e+02
1.692254994913819246e+02
1.914444991822820157e+02
1.812039986527524889e+02
1.538945018906379119e+02
1.080009992683771998e+02
1.478155011478811502e+02
1.714119971543550491e+02
1.859789985684910789e+02
1.523294994992902502e+02
1.781925014413427562e+02
1.842024986606556922e+02
1.763215001022908837e+02
1.590349996224977076e+02
1.442174991916399449e+02
1.919974996205419302e+02
1.068194985580630600e+02
1.231285000718198717e+02
1.659305002702167258e+02
1.635355013050138950e+02
1.403275017825653777e+02
1.705500001560430974e+02
2.045085008650785312e+02
1.886209990202914923e+02
1.266509989290498197e+02
2.086230023374082521e+02
1.806984981361310929e+02
1.474289999127504416e+02
1.290440001995302737e+02
1.825275001847185194e+02
1.271444997076177970e+02
1.552269991079811007e+02
1.524425004983786494e+02
1.287459992533549666e+02
1.187379997485550120e+02
