1.747084983889944851e+02
1.173184999545337632e+02
1.030364994449773803e+02
1.068920007778797299e+02
1.363024992621503770e+02
1.409264999661827460e+02
1.265635006754891947e+02
1.047445001807063818e+02
1.265204972876235843e+02
1.178220007070340216e+02
8.194499975070357323e+01
1.293220001281588338e+02
1.003575003994628787e+02
1.363450016600545496e+02
9.133499972522258759e+01
1.782749989940784872e+02
1.024350002247956581e+02
1.275115008405409753e+02
1.073580008251592517e+02
1.261970001191366464e+02
7.075350018223980442e+01
1.654100023181526922e+02
1.945420000455342233e+02
7.355300037749111652e+01
1.248474993497366086e+02
7.648799964325735345e+01
1.466114989166380838e+02
1.254314981722272933e+02
9.672000034176744521e+01
1.462034986621001735e+02
1.260949992877431214e+02
1.513889995360514149e+02
1.380189980069408193e+02
1.282869990665931255e+02
1.215244982247240841e+02
1.521989985621767119e+02
1.054825022483710200e+02
9.485500007960945368e+01
1.533160007873084396e+02
1.279740002048201859e+02
1.277779994601150975e+02
1.471409994951682165e+02
1.399405027334578335e+02
9.390199910348746926e+01
1.038674992334563285e+02
7.387349877762608230e+01
7.308399973920313641e+01
1.774865009384229779e+02
1.044575000588083640e+02
1.317195001448271796e+02
