1.792504996771458536e+02
1.916999984989524819e+02
1.106849979940452613e+02
1.516670012329705060e+02
1.781330005458439700e+02
1.516519977221032605e+02
1.749264986382331699e+02
1.284120009101461619e+02
2.049930014441488311e+02
1.735969986484851688e+02
1.173605000335955992e+02
8.089099851436913013e+01
1.701045003994368017e+02
1.078570007594535127e+02
1.218554998118197545e+02
1.086669994428521022e+02
1.674219993161968887e+02
1.458455014971550554e+02
1.086390006025321782e+02
1.568545005735359155e+02
8.962449976452626288e+01
1.017620005348580889e+02
1.408100013348739594e+02
1.287345002586953342e+02
6.008549997815862298e+01
1.768970000281697139e+02
1.413435006521176547e+02
1.789520014974405058e+02
1.728590000825934112e+02
1.473345009955810383e+02
1.792924997003283352e+02
1.673235004730522633e+02
1.181694998729508370e+02
1.817784993615932763e+02
1.539295010654022917e+02
1.860124968497548252e+02
1.493395026809303090e+02
1.718374987716088071e+02
1.577335015912540257e+02
1.540115030073211528e+02
1.708404994909651577e+02
1.671020001785364002e+02
1.426415005020098761e+02
1.180695001879939809e+02
1.191405012409668416e+02
1.418335000104270875e+02
1.314289998716558330e+02
1.532475011798087507e+02
1.772675011281971820e+02
1.113704998439643532e+02
