1.437844988869037479e+02
1.525870022280141711e+02
1.890739980647922494e+02
1.318859986336901784e+02
1.548910013288259506e+02
1.088899992277147248e+02
1.413929994003847241e+02
1.372684983487706631e+02
1.343945018977392465e+02
1.148905021001701243e+02
1.025850014921743423e+02
1.643549985215067863e+02
1.615505006352905184e+02
1.484664989113807678e+02
1.248765002100262791e+02
9.998599958233535290e+01
1.347410011794418097e+02
1.024804998558247462e+02
1.578789990623481572e+02
1.519010003120638430e+02
1.960304984361864626e+02
1.294750017293263227e+02
1.331124992801342160e+02
7.938749955047387630e+01
1.201019990339409560e+02
1.690415004660608247e+02
8.439949878142215312e+01
1.592309990053181536e+02
1.071045018961885944e+02
1.344025008650496602e+02
1.723700001038378105e+02
1.110689993873238564e+02
1.424904989646747708e+02
1.555434993244707584e+02
1.486714980129618198e+02
1.463724989669863135e+02
1.168854997903108597e+02
1.850650017753941938e+02
1.693449997758143581e+02
1.138979984594043344e+02
1.172620005593635142e+02
1.519050015136599541e+02
1.633529988649534062e+02
8.587349857483059168e+01
1.469214998395182192e+02
1.581739995605312288e+02
1.693630005886079744e+02
8.776599899819120765e+01
1.690594999223249033e+02
1.251840009163133800e+02
