1.307235005197580904e+02
1.827180000069784001e+02
9.947249893634580076e+01
9.492300034582149237e+01
1.253339978453586809e+02
1.017129989059176296e+02
1.035479995673522353e+02
1.373489993950352073e+02
1.175309998077573255e+02
1.596530002506915480e+02
7.777699872723314911e+01
1.337075015529990196e+02
1.239564995090477169e+02
1.000360008282586932e+02
1.268634983465308324e+02
1.302210002789506689e+02
1.410495002972893417e+02
9.852699862886220217e+01
1.314484992253128439e+02
1.650594993273261935e+02
1.285484990312252194e+02
1.408320015585632063e+02
7.166349894000450149e+01
1.119485014958190732e+02
1.432995017906650901e+02
1.608339983574114740e+02
1.375884974268847145e+02
1.406340009626001120e+02
1.396929999726125970e+02
8.638550043920986354e+01
1.117854994967347011e+02
1.088169994801282883e+02
1.396355004137149081e+02
1.497255001483717933e+02
1.604384991326369345e+02
1.018760005157673731e+02
1.471935016615316272e+02
1.252154997836332768e+02
8.787750061653787270e+01
1.018109989166259766e+02
1.107929984768852592e+02
1.201390015085344203e+02
1.093359997337684035e+02
1.191219985621282831e+02
1.478035006813006476e+02
1.287925014463253319e+02
1.306320008004549891e+02
8.443300029216334224e+01
1.128500024117529392e+02
1.205235003577545285e+02
