1.487585010554175824e+02
1.129730001920252107e+02
1.517410016754874960e+02
1.443069968434283510e+02
1.568814999149180949e+02
1.368445008827839047e+02
1.021725004725158215e+02
1.791225017211399972e+02
1.848185001664096490e+02
1.784465008899569511e+02
1.665235027794842608e+02
1.383379994466667995e+02
8.868050090596079826e+01
1.358480009331833571e+02
1.723294985545799136e+02
1.499689989441540092e+02
1.848234991439385340e+02
1.393600002861348912e+02
1.731540002207038924e+02
1.607465002438984811e+02
1.914249966303468682e+02
1.290184993935399689e+02
1.880150012006051838e+02
1.197770008061779663e+02
1.678399992564227432e+02
1.361624992407159880e+02
1.602130014412105083e+02
1.312680017862003297e+02
1.713314995716791600e+02
1.521540000839158893e+02
1.474190005334676243e+02
1.395600007467437536e+02
1.398549996296642348e+02
1.453404998109908774e+02
1.388229982599150389e+02
1.380245023218449205e+02
1.528225011052563787e+02
1.132319995961152017e+02
1.470205002400325611e+02
1.894974981341511011e+02
1.976139994116965681e+02
1.571580004430143163e+02
1.329244985390687361e+02
1.467420007667969912e+02
1.438500000414205715e+02
1.093779998592799529e+02
1.554360008190851659e+02
1.808070017304271460e+02
1.681129995970986784e+02
1.383575026255566627e+02
