1.087489988945890218e+02
1.600550005966797471e+02
1.965079983810428530e+02
1.828205025043571368e+02
1.428824985790997744e+02
1.321565013347426429e+02
1.238740002941340208e+02
1.575475001803133637e+02
1.493459965721704066e+02
1.453709997734986246e+02
1.228454999541281722e+02
1.256549982927972451e+02
1.240644984384998679e+02
1.691759977841284126e+02
1.320414997927146032e+02
1.740104970559477806e+02
1.756354994477587752e+02
1.418144995300099254e+02
1.328244990243692882e+02
1.800075007822597399e+02
1.988859994960948825e+02
1.427484980525914580e+02
1.648384976919041947e+02
1.474585001352243125e+02
1.368520007404731587e+02
1.032724993417505175e+02
1.806840018252842128e+02
1.190519994706846774e+02
1.618455008809687570e+02
1.552549987059319392e+02
1.568435014853021130e+02
1.732284963448764756e+02
1.852860024953261018e+02
1.263434973424300551e+02
1.777995031157042831e+02
1.460264983638189733e+02
1.972905017841840163e+02
1.478484985105460510e+02
1.832384983990341425e+02
1.573310028613777831e+02
1.473309996775933541e+02
1.924149991227313876e+02
1.869239998038392514e+02
1.569359996790299192e+02
1.654324970227316953e+02
2.032425036323256791e+02
1.196625007055699825e+02
1.295354989392217249e+02
9.837599886959651485e+01
1.768239994761534035e+02
