1.583679994125850499e+02
1.173975021778605878e+02
1.625014997273683548e+02
1.000375024452805519e+02
1.185064994096755981e+02
1.057865001084282994e+02
9.019449991639703512e+01
1.051159983528777957e+02
7.693799906084313989e+01
1.477080002963193692e+02
1.547344983649672940e+02
1.468650005431845784e+02
1.450880015810253099e+02
1.618834966542199254e+02
1.030570003499742597e+02
1.113754995848285034e+02
1.014904980722349137e+02
1.265424983575940132e+02
1.380970009863376617e+02
1.160759979307185858e+02
1.422549996145535260e+02
1.100194995179772377e+02
1.063884983812458813e+02
1.400804988592863083e+02
1.552790009120944887e+02
1.338695003702887334e+02
1.462379996082745492e+02
1.177999988873489201e+02
1.591134986854158342e+02
1.030935007850639522e+02
1.314724998811725527e+02
9.692349773459136486e+01
1.404614998227916658e+02
1.860379995750263333e+02
1.406735019609332085e+02
1.451659991629421711e+02
1.496755000129342079e+02
1.322920009773224592e+02
1.531644992579240352e+02
1.139014988872222602e+02
1.743894988922402263e+02
1.211135005643591285e+02
1.538869984894990921e+02
1.459000016404315829e+02
1.570544993877410889e+02
1.067050013836123981e+02
1.034285007059224881e+02
1.083664998994790949e+02
1.558610010505653918e+02
1.124820011211559176e+02
