1.357154996627941728e+02
1.160224990714341402e+02
1.066490001361817122e+02
1.022499987058108672e+02
1.130694976153317839e+02
9.296100095007568598e+01
1.347890004233340733e+02
1.042325008485931903e+02
1.565300004989840090e+02
1.215749989080359228e+02
1.039679989537689835e+02
7.095449836598709226e+01
8.685549886198714375e+01
1.229289999881875701e+02
9.134599946963135153e+01
1.470525020341156051e+02
8.686199952720198780e+01
9.584249937790445983e+01
1.283480002267169766e+02
8.436050047329626977e+01
1.947009967591729946e+02
1.082234996766783297e+02
1.060494986220728606e+02
1.480460002517793328e+02
1.274124985532835126e+02
1.268344985685544088e+02
1.270010003806673922e+02
8.816399958380497992e+01
9.933949992421548814e+01
6.487450049701146781e+01
1.055324998592259362e+02
1.013650002516806126e+02
1.398045017961412668e+02
8.834100008523091674e+01
1.426015032923314720e+02
1.018545011123642325e+02
1.339360005718190223e+02
9.852699983504135162e+01
1.352669982752413489e+02
1.673489968416979536e+02
9.780950115900486708e+01
1.308004999118857086e+02
1.452249968320829794e+02
9.132600088021717966e+01
6.067050101840868592e+01
1.009554996211081743e+02
1.204140009775292128e+02
6.459950092667713761e+01
1.514269971763715148e+02
1.438324996854644269e+02
