1.583820003047585487e+02
1.374654992283321917e+02
1.574544990996364504e+02
1.793635026812553406e+02
1.089155011905822903e+02
1.329189990311861038e+02
1.439000001749955118e+02
1.233874988784082234e+02
1.329274985170923173e+02
1.561999991406919435e+02
1.218004992157220840e+02
9.177599982754327357e+01
1.322865017980802804e+02
1.287244996060617268e+02
1.283689985722303391e+02
1.367830019165994599e+02
1.018974994674790651e+02
1.576030024106148630e+02
1.473804986998438835e+02
1.036139995455741882e+02
9.039400178339565173e+01
1.010335005791857839e+02
1.454829990764264949e+02
1.416840016563655809e+02
1.262739981114864349e+02
9.282300137588754296e+01
9.291649886878440157e+01
8.282099799462594092e+01
1.490574980875244364e+02
1.103909999234601855e+02
1.500729997379239649e+02
1.045769980207551271e+02
1.436339992294088006e+02
1.089949997748481110e+02
1.142045007743872702e+02
1.146720017599291168e+02
1.308394991751410998e+02
1.263935017685871571e+02
1.169785010032355785e+02
8.658050031418679282e+01
1.428794977441430092e+02
8.551600124384276569e+01
1.708980017798021436e+02
1.015489985644817352e+02
1.790294969906099141e+02
1.015075003125239164e+02
1.458909984296187758e+02
1.108930000066757202e+02
1.014040003716945648e+02
1.589985007579089142e+02
