1.273359995245118625e+02
1.291175008937716484e+02
7.012600009725429118e+01
1.162210019857157022e+02
1.031675001523690298e+02
1.198050012723542750e+02
1.169620026157936081e+02
1.685139987086877227e+02
1.331250001376029104e+02
1.303395000924938358e+02
1.090549987222766504e+02
1.236594995858613402e+02
1.152050008792430162e+02
1.129270001031109132e+02
1.230259980781702325e+02
9.768100057786796242e+01
1.208465010476647876e+02
7.135099913110025227e+01
9.128799971786793321e+01
1.274249999637249857e+02
1.089659994152607396e+02
1.362615030140150338e+02
5.107800012594088912e+01
1.342735007265582681e+02
9.287700146227143705e+01
8.634400093887234107e+01
1.937924995531793684e+02
1.382455011180136353e+02
1.330385002777911723e+02
8.384500040276907384e+01
1.226549992028158158e+02
1.269289994812570512e+02
1.408319991179741919e+02
1.682159985185135156e+02
9.786900008784141392e+01
1.131444974300684407e+02
1.294275004261289723e+02
7.280550101632252336e+01
1.166785003389231861e+02
1.056519999103620648e+02
1.343030004482716322e+02
1.193230003421194851e+02
1.168310015425086021e+02
1.201449993635760620e+02
1.387769993662368506e+02
1.157794996667653322e+02
1.088394997661234811e+02
9.028499983344227076e+01
1.387210007891990244e+02
1.454594991608173586e+02
