1.497269999129930511e+02
1.790854982610326260e+02
1.206370021905750036e+02
1.734925013582687825e+02
1.715820034387288615e+02
1.208405007743858732e+02
1.838199969003908336e+02
1.832905036751180887e+02
1.210394993559457362e+02
1.248420014502480626e+02
2.066779999785940163e+02
1.461105021354742348e+02
1.828994971519568935e+02
1.129499987184535712e+02
1.168400015670340508e+02
1.557220000750385225e+02
1.797855005934834480e+02
1.405099992181640118e+02
1.558530018335441127e+02
1.958104989660205320e+02
1.617294987263157964e+02
1.428294996162876487e+02
1.576314998189918697e+02
1.498304988315794617e+02
1.565264997209887952e+02
9.837399884522892535e+01
1.111615009569795802e+02
1.147569984026486054e+02
1.900159986056387424e+02
1.609000002637039870e+02
1.325695006649475545e+02
1.651739983783336356e+02
1.727359995911829174e+02
1.758179997898405418e+02
1.192569974628277123e+02
1.807135017844848335e+02
1.426644993670051917e+02
1.526459985935362056e+02
1.520375012493459508e+02
1.383395008018705994e+02
1.812465009811567143e+02
1.737970001678913832e+02
1.984904992692172527e+02
1.304409990092972293e+02
1.407375028310343623e+02
1.454380020661046728e+02
1.825449999889242463e+02
1.338215006125974469e+02
1.711579986252472736e+02
1.970824971504043788e+02
