1.082570008966140449e+02
1.100429994226433337e+02
1.543655003397725523e+02
1.518304973193444312e+02
1.959930008277297020e+02
1.565430003153160214e+02
1.225450014001689851e+02
1.261424996283603832e+02
1.418659990266896784e+02
1.701139971987577155e+02
1.645229996289126575e+02
1.838159985969541594e+02
1.759040014129132032e+02
1.626080016144551337e+02
1.466014999771723524e+02
1.452105014480184764e+02
1.866270007253624499e+02
1.050584990360075608e+02
1.838175010258564726e+02
1.676220006452640519e+02
1.416335025487933308e+02
1.635090014266315848e+02
1.345494995721383020e+02
1.349254992813803256e+02
1.532245005751028657e+02
1.153355006729252636e+02
1.778260030137025751e+02
1.131690008630976081e+02
1.627264989283867180e+02
1.459334981380961835e+02
1.812969997185282409e+02
1.382500019902945496e+02
9.738900002464652061e+01
1.246545013771974482e+02
1.697184999112505466e+02
1.483505001023877412e+02
1.587239979449659586e+02
1.850135019188746810e+02
1.398180002573062666e+02
1.567289995542960241e+02
2.281749984812922776e+02
1.788299980832962319e+02
1.542319977956358343e+02
1.771275004472117871e+02
1.120689985693898052e+02
1.736124996221624315e+02
1.498574988605687395e+02
1.328660015950445086e+02
1.886210031041409820e+02
1.465369984216522425e+02
1.723234972681384534e+02
1.261489976975135505e+02
1.607810001885518432e+02
1.512314989621518180e+02
1.741359973294893280e+02
1.151235020256135613e+02
1.916100006705382839e+02
1.532630001307115890e+02
1.712120004650205374e+02
1.723364983866922557e+02
8.846649966714903712e+01
1.496470011502970010e+02
1.374504982950165868e+02
1.698050004236865789e+02
1.192385010331054218e+02
1.501260012332350016e+02
1.710979985364247113e+02
1.811144994972273707e+02
1.378354986394406296e+02
1.856195004371111281e+02
1.046824984718114138e+02
1.776919988433364779e+02
1.509249987788498402e+02
1.465575012183981016e+02
1.046704984299140051e+02
1.048839991015847772e+02
1.042635000031441450e+02
1.777024997378466651e+02
1.390274985504802316e+02
1.262455009745899588e+02
9.837599948910064995e+01
1.439584998975624330e+02
1.738409971182700247e+02
1.977944996277801692e+02
1.719194999629398808e+02
1.079774995194748044e+02
1.081605003439472057e+02
1.501099974070675671e+02
1.289085008623078465e+02
1.498274997586850077e+02
2.042370016039349139e+02
1.587229998846887611e+02
1.560119998138397932e+02
1.570289991535828449e+02
1.186224985667504370e+02
1.277725012765149586e+02
1.344115015692077577e+02
1.678355005391640589e+02
1.886060017923591658e+02
1.787744995129760355e+02
1.468054999513551593e+02
9.487850098113995045e+01
1.291765000741579570e+02
2.001505021764896810e+02
1.468390010689618066e+02
1.518320008767768741e+02
1.253249999233521521e+02
1.611240007572341710e+02
1.021735004551010206e+02
1.448494996629888192e+02
1.083374990392476320e+02
1.797659986801445484e+02
1.427350002152379602e+02
1.288389984444365837e+02
1.618519982060533948e+02
2.031899995182175189e+02
1.482484992910176516e+02
1.192470003175549209e+02
1.252475002483697608e+02
1.333659985619597137e+02
1.427554994332604110e+02
1.069185000277357176e+02
2.002014975313213654e+02
1.089395002154633403e+02
1.470420020871679299e+02
1.847050034341518767e+02
1.557050020784372464e+02
8.824450083752162755e+01
1.661224995949305594e+02
1.331940022005001083e+02
1.648310017625917681e+02
1.122574989082058892e+02
1.473204995901323855e+02
1.460420012911781669e+02
1.288515020451741293e+02
1.968010004609823227e+02
1.689580006443429738e+02
1.366249993094243109e+02
1.745249974473845214e+02
1.694160014749504626e+02
1.428234999924898148e+02
1.308375011053867638e+02
1.586395007106475532e+02
1.530369999613612890e+02
1.400685018541989848e+02
1.458585014904383570e+02
1.008809984425315633e+02
1.174719986714189872e+02
1.638455011204932816e+02
1.348805015385150909e+02
1.627080000040587038e+02
1.513454979199450463e+02
1.605199984093196690e+02
1.659860016214079224e+02
1.383410007642814890e+02
1.177745002835290506e+02
1.519069975254824385e+02
1.641944988525938243e+02
1.467325003329897299e+02
1.030694998670369387e+02
1.407525018462911248e+02
9.556249904882861301e+01
1.228505000886507332e+02
1.328279989177826792e+02
1.298395019221352413e+02
1.578850012117763981e+02
9.703600046737119555e+01
1.598614991882932372e+02
1.902985010445117950e+02
1.872164988692384213e+02
1.735314996062079445e+02
1.613094993301201612e+02
1.856029990654787980e+02
1.257539999000728130e+02
1.335364992124377750e+02
1.057554987986804917e+02
1.558259987125638872e+02
1.054835008878726512e+02
1.283345005126320757e+02
1.891995019246824086e+02
1.532529990696348250e+02
1.573149997750879265e+02
1.954930004258058034e+02
1.685329985215794295e+02
1.222350003366591409e+02
1.321319984497968107e+02
1.301484990243334323e+02
1.578454990941099823e+02
1.561945003772852942e+02
1.251860011830576696e+02
1.572344998330809176e+02
1.175760009463410825e+02
1.128619988500140607e+02
1.261170008344342932e+02
9.987749829678796232e+01
1.484550019218586385e+02
1.279344980741152540e+02
1.317419980501290411e+02
1.799975006750319153e+02
2.197765005307155661e+02
