2.113085002784500830e+02
1.368480010074563324e+02
1.298399977352237329e+02
1.356575007466599345e+02
1.358555006021633744e+02
1.473369999359128997e+02
1.658245017827139236e+02
1.778199997657211497e+02
2.082789993574842811e+02
1.046504976121359505e+02
1.123739990313770249e+02
1.113535006900783628e+02
1.061589999254792929e+02
1.170560014857910573e+02
1.048810019789962098e+02
1.408164986181072891e+02
1.534464992010034621e+02
1.588285003686905839e+02
1.816959989525494166e+02
1.627975005381740630e+02
2.028339999624295160e+02
1.270490003877785057e+02
8.578149905055761337e+01
1.090529988475609571e+02
1.819289994931314141e+02
1.935039986511692405e+02
1.282555002487497404e+02
1.255395005391910672e+02
1.471210018026176840e+02
1.781340020950883627e+02
1.818275015496765263e+02
1.518469987625721842e+02
1.838219997633714229e+02
1.247735004080459476e+02
1.661364999050856568e+02
1.593200006206170656e+02
1.470270003491896205e+02
1.202695011000614613e+02
1.923340015824651346e+02
1.506449988952372223e+02
1.434384994634892792e+02
1.167810013341950253e+02
1.265414998303167522e+02
1.438170010042376816e+02
1.237435006476007402e+02
1.592980002765543759e+02
1.766340000415220857e+02
1.643179996672552079e+02
1.124844982343493029e+02
1.439564983276650310e+02
