1.672144995513372123e+02
1.420485010828124359e+02
1.623400008687749505e+02
1.457000001567648724e+02
1.214444994881050661e+02
1.338305002932902426e+02
1.379020002787001431e+02
1.589280002722516656e+02
1.298664982479531318e+02
1.168214995365124196e+02
1.766844990951940417e+02
1.687360004320507869e+02
1.535100007074652240e+02
1.023699999310774729e+02
1.489495002708281390e+02
1.607844988066935912e+02
1.343280000544618815e+02
1.425990018328884616e+02
1.186179982616449706e+02
1.248259999738656916e+02
1.338379975644638762e+02
1.610155002416577190e+02
1.078664997662417591e+02
1.714275002462090924e+02
1.264225012869574130e+02
1.323234994082013145e+02
1.433425002144649625e+02
1.591170014719245955e+02
1.593315020187292248e+02
1.168565007363213226e+02
1.375904994824668393e+02
9.234649987705051899e+01
1.663275015130639076e+02
1.674404987283051014e+02
1.533325019081821665e+02
1.317870001220144331e+02
1.476160021806135774e+02
1.703464990752981976e+02
1.448350000821519643e+02
1.355435003205202520e+02
1.590184988453984261e+02
1.495950015607522801e+02
1.476829981985501945e+02
1.214790022843517363e+02
1.657335006879293360e+02
1.453405003013322130e+02
1.428435012717964128e+02
1.686115017906413414e+02
1.120249998345971107e+02
1.072204988170415163e+02
