1.377400006861425936e+02
1.406550006612087600e+02
1.302394998982781544e+02
1.424215013743378222e+02
1.821059998385608196e+02
9.304900113458279520e+01
1.805879981707548723e+02
1.622900008375290781e+02
1.408329998347908258e+02
1.385249986244598404e+02
1.533280000193044543e+02
1.544295004265150055e+02
1.548475013226852752e+02
1.876819993134122342e+02
9.707999943243339658e+01
1.530154998705256730e+02
1.847799991946667433e+02
1.842839992302469909e+02
2.055695001016138121e+02
1.689730020092683844e+02
1.048449993357062340e+02
1.799119995494256727e+02
1.678005023089936003e+02
1.556349987227586098e+02
1.837604995260480791e+02
1.895315013821236789e+02
1.738010023059905507e+02
2.073809990129084326e+02
1.531004993156529963e+02
1.930895009604282677e+02
1.247135006537428126e+02
1.372565024147043005e+02
1.107919985614717007e+02
1.033634988032281399e+02
1.929945015470148064e+02
1.563374993888428435e+02
1.794944986203336157e+02
1.786919994303025305e+02
1.299099991091061383e+02
1.773874980679247528e+02
2.081675024256110191e+02
1.830195016009383835e+02
1.402334994131233543e+02
1.847915023858658969e+02
1.797050009219674394e+02
1.523350010580616072e+02
1.600860022879205644e+02
1.578449999762233347e+02
1.688060016426607035e+02
1.058630003677681088e+02
